ns_per_cell  react     vel_step     dens_step
1373.290955  3.345337  1141.318359  228.627258
1122.698050  1.922754  887.707795   233.067502
1184.232523  1.842644  888.420930   293.968948
1187.303034  1.789680  887.578923   297.934431
1203.666253  1.771051  886.757905   315.137297
1214.083303  1.771790  887.378704   324.932810
1189.214337  1.784576  887.591793   299.837967
1183.482606  1.852707  887.519213   294.110686
1176.912055  1.779421  887.086523   288.046111
1126.038561  1.776842  887.288858   236.972860
1103.078230  1.782355  887.124666   214.171208
1102.984080  1.768696  887.106357   214.109026
1102.676393  1.780028  887.137679   213.758686
1103.484458  1.810947  887.529895   214.143616
1102.988989  1.775981  887.492396   213.720612
1102.383162  1.777366  886.814296   213.791501
1102.370973  1.778973  886.891880   213.700120
1102.651885  1.781918  887.019482   213.850485
1102.347098  1.778502  886.857953   213.710643
1102.761913  1.772052  887.064893   213.924967
1110.155999  1.818132  887.237811   221.100057
1102.415654  1.780451  886.918407   213.716796
1102.991868  1.771724  887.183418   214.036726
1102.704467  1.791549  886.867481   214.045437
1106.433794  1.877456  889.129910   215.426429
1102.449207  1.779540  887.023558   213.646108
1102.311290  1.804594  886.652715   213.853981
1102.117877  1.777553  886.519018   213.821306
1102.389145  1.766689  886.602985   214.019471
1104.477102  1.823591  888.146150   214.507361
1103.253781  1.777722  887.703433   213.772625
1102.085452  1.772554  886.611366   213.701533
1102.642373  1.782381  886.797440   214.062552
1102.657829  1.769053  887.116595   213.772182
1103.085429  1.767029  887.312545   214.005855
1103.521576  1.804115  887.462512   214.254948
1102.136283  1.770945  886.441218   213.924120
1102.426346  1.785472  886.762690   213.878184
ns_per_cell: media = 1098.689855, desviación estándar = 185.740687
react: media = 1.786261, desviación estándar = 0.381061
vel_step: media = 870.978917, desviación estándar = 146.886382
dens_step: media = 225.924677, desviación estándar = 49.782300

    23.321.157.576      L1-dcache-loads:u                                             (66,66%)
     2.178.751.636      L1-dcache-load-misses:u   #    9,34% of all L1-dcache hits    (83,33%)
     5.152.926.940      L1-icache-loads:u                                             (83,33%)
           286.139      L1-icache-load-misses:u   #    0,01% of all L1-icache hits    (66,67%)
    67.572.955.925      instructions:u            #    0,44  insn per cycle           (83,34%)
   153.020.339.461      cycles:u                                                      (50,00%)

      37,583865870 seconds time elapsed

      37,552070000 seconds user
       0,000000000 seconds sys


speed gain: 1,17
