ns_per_cell  react     vel_step     dens_step
1284.321533  4.238220  1064.351562  215.731750
1125.171076  2.544931  889.586882   233.039263
1186.683690  2.553984  890.676949   293.452756
1188.741915  2.462259  888.760194   297.519462
1211.914649  2.567391  892.026982   317.320275
1230.758865  2.879822  897.271975   330.607068
1197.336392  2.651019  892.569632   302.115742
1186.369040  2.535357  889.856591   293.977092
1183.737679  2.561203  891.023948   290.152528
1133.492523  2.478960  890.302596   240.710967
1108.104336  2.505195  890.123215   215.475927
1108.209945  2.536082  889.904587   215.769276
1106.556807  2.457396  889.050499   215.048912
1106.554473  2.451977  888.955733   215.146762
1110.325829  2.596609  891.240838   216.488382
1106.022949  2.454793  888.813957   214.754199
1107.018399  2.487752  889.243990   215.286657
1106.351636  2.460996  889.065598   214.825042
1106.095416  2.478153  888.847135   214.770129
1113.771755  2.674020  893.791774   217.305961
1116.879717  2.800666  895.176131   218.902921
1118.492503  2.755704  896.857348   218.879451
1113.818424  2.617776  893.694394   217.506254
1109.767429  2.506086  891.662553   215.598790
1118.966865  2.760087  896.591674   219.615103
1111.957878  2.619084  892.180352   217.158442
1111.785265  2.583732  892.649575   216.551958
1106.574864  2.474021  889.026016   215.074827
1105.745601  2.510155  888.457249   214.778197
1105.937679  2.471710  888.559680   214.906288
1105.897691  2.491508  888.612890   214.793292
1117.384651  2.825372  895.233719   219.325560
1106.608992  2.444662  889.149036   215.015295
1109.512808  2.527170  890.723610   216.262027
1109.848277  2.628080  890.471925   216.748272
1105.997330  2.455126  888.845895   214.696309
1105.731744  2.464906  888.613493   214.653345
1107.058268  2.469320  889.450935   215.138012
ns_per_cell: media = 1102.448843, desviación estándar = 183.797921
react: media = 2.537982, desviación estándar = 0.502258
vel_step: media = 872.600541, desviación estándar = 144.201230
dens_step: media = 227.310320, desviación estándar = 50.044222

    23.616.775.830      L1-dcache-loads:u                                             (66,66%)
     2.160.324.487      L1-dcache-load-misses:u   #    9,15% of all L1-dcache hits    (83,33%)
     5.169.686.393      L1-icache-loads:u                                             (83,33%)
           461.071      L1-icache-load-misses:u   #    0,01% of all L1-icache hits    (66,68%)
    68.763.883.835      instructions:u            #    0,45  insn per cycle           (83,34%)
   153.599.117.392      cycles:u                                                      (49,99%)

      37,789645891 seconds time elapsed

      37,758031000 seconds user
       0,000000000 seconds sys


speed gain: 1,16
