ns_per_cell  react     vel_step     dens_step
1353.440857  4.846435  1124.401123  224.193298
1163.185104  3.079698  908.915746   251.189659
1201.294759  3.084664  898.903502   299.306593
1194.978100  2.788152  891.646827   300.543121
1210.640276  2.823893  891.230748   316.585635
1224.905378  2.767780  892.694559   329.443040
1230.350269  3.078004  913.328867   313.943397
1203.821205  3.088934  899.668005   301.064266
1196.010066  3.074802  896.272562   296.662702
1160.089932  3.234693  902.825112   254.030127
1110.937534  2.775898  891.891958   216.269679
1121.916058  3.155018  898.403481   220.357558
1144.234486  3.149955  920.297578   220.786952
1117.330128  3.171766  894.865587   219.292775
1179.447412  3.472022  941.856219   234.119171
1143.363738  3.379057  915.650914   224.333767
1138.573224  3.536172  909.886536   225.150516
1113.825024  2.911711  893.853558   217.059756
1109.592077  2.793530  890.662879   216.135668
1112.279258  2.809492  892.557650   216.912116
1124.831870  3.199141  901.276190   220.356540
1127.314623  3.275485  901.644799   222.394339
1127.566786  3.183373  902.784347   221.599066
1108.536706  2.728703  890.590036   215.217967
1107.395548  2.707962  889.850063   214.837523
1107.353049  2.687692  889.894265   214.771092
1107.114537  2.692810  889.635268   214.786459
1107.382493  2.690806  889.761540   214.930147
1106.553092  2.676831  889.356752   214.519509
1113.515725  2.696500  890.024435   220.794790
1111.319942  2.837969  891.733054   216.748918
1106.705711  2.707876  889.344558   214.653278
1107.170530  2.711491  889.478418   214.980621
1106.738201  2.707974  889.440406   214.589821
1106.096590  2.696214  888.875698   214.524679
1106.374477  2.712821  889.068214   214.593442
1110.403244  2.850931  890.937563   216.614749
1107.067679  2.698499  889.476342   214.892838
ns_per_cell: media = 1113.580915, desviación estándar = 187.757774
react: media = 2.909865, desviación estándar = 0.610538
vel_step: media = 880.076548, desviación estándar = 147.605513
dens_step: media = 230.594502, desviación estándar = 51.186014

    30.658.890.307      L1-dcache-loads:u                                             (66,66%)
     2.217.851.502      L1-dcache-load-misses:u   #    7,23% of all L1-dcache hits    (83,33%)
     5.507.854.182      L1-icache-loads:u                                             (83,34%)
           915.656      L1-icache-load-misses:u   #    0,02% of all L1-icache hits    (66,67%)
    68.368.701.119      instructions:u            #    0,44  insn per cycle           (83,34%)
   154.065.540.578      cycles:u                                                      (49,99%)

      38,103247422 seconds time elapsed

      37,945220000 seconds user
       0,003996000 seconds sys


speed gain: 1,15
