ns_per_cell  react      vel_step     dens_step
1957.543213  15.062012  1582.739136  359.742065
1312.719249  8.407193   1040.780584  263.531472
1379.016462  8.391258   1035.468578  335.156626
1373.975751  8.326731   1031.418269  334.230752
1387.162415  8.330268   1031.162204  347.669943
1401.408769  8.322833   1029.931204  363.154732
1407.114987  8.338201   1037.767162  361.009624
1387.832055  8.304890   1040.019472  339.507693
1378.409223  8.190868   1037.283118  332.935238
1381.196876  8.282727   1040.368343  332.545806
1366.045318  8.347285   1052.794873  304.903160
1311.985864  8.367765   1045.452261  258.165838
1301.028502  8.254466   1038.133780  254.640256
1299.056815  8.167710   1036.724037  254.165068
1300.173014  8.203898   1037.295834  254.673283
1293.379049  8.134650   1032.062097  253.182302
1295.240250  8.116130   1033.757725  253.366395
1293.075010  8.063416   1032.464623  252.546972
1299.308663  8.205386   1036.893199  254.210078
1298.844849  8.122072   1036.951017  253.771760
1302.135566  8.205505   1038.680064  255.249996
1293.944417  8.134036   1033.186797  252.623585
1293.644240  8.133935   1032.641599  252.868706
1294.206721  8.101727   1033.435590  252.669404
1302.051668  8.192757   1039.081800  254.777111
1293.947472  8.154373   1032.985839  252.807260
1292.726154  8.080856   1031.840363  252.804935
1293.047975  8.112418   1032.106566  252.828991
1294.462064  8.098737   1033.543119  252.820208
1292.012019  8.090674   1031.516275  252.405070
1294.607157  8.158043   1033.069977  253.379138
1293.716310  8.087318   1032.525962  253.103030
1315.410656  8.328695   1048.693610  258.388351
1299.315291  8.194994   1036.619657  254.500639
1298.267747  8.153315   1036.143618  253.970814
1301.478414  8.205218   1038.902319  254.370877
1302.489441  8.174109   1039.811755  254.503578
1309.970552  8.283997   1045.569193  256.117363
1297.713964  8.171165   1035.931745  253.611053
1294.085897  8.160169   1032.844713  253.081015
1291.405495  8.104259   1030.614609  252.686626
1303.112570  8.279716   1040.082126  254.750727
1295.983144  8.137735   1034.323050  253.522359
1297.785683  8.165520   1036.031967  253.588196
ns_per_cell: media = 1301.600821, desviación estándar = 220.578701
react: media = 8.174423, desviación estándar = 1.596391
vel_step: media = 1025.547774, desviación estándar = 174.376734
dens_step: media = 267.878624, desviación estándar = 54.701759

   137.605.279.649      L1-dcache-loads:u                                             (66,65%)
     2.140.895.319      L1-dcache-load-misses:u   #    1,56% of all L1-dcache hits    (83,32%)
    39.527.440.346      L1-icache-loads:u                                             (83,33%)
           800.665      L1-icache-load-misses:u   #    0,00% of all L1-icache hits    (66,68%)
   305.965.616.659      instructions:u            #    1,71  insn per cycle           (83,34%)
   179.042.515.896      cycles:u                                                      (49,99%)

      44,150826904 seconds time elapsed

      44,106381000 seconds user
       0,003996000 seconds sys


