ns_per_cell  react     vel_step     dens_step
1459.330323  8.397339  1178.715576  272.217407
1346.391855  8.538416  1071.783738  266.069701
1422.160159  8.686765  1078.449586  335.023808
1421.203014  8.567782  1078.719690  333.915543
1426.079874  8.594407  1071.783295  345.702171
1442.081722  8.681631  1072.507642  360.892449
1445.324498  8.503502  1072.803934  364.017063
1438.415993  8.522056  1083.948076  345.945860
1435.809394  8.503265  1088.162016  339.144114
1414.667566  8.372577  1072.908067  333.386923
1401.656318  8.535153  1074.937110  318.184054
1344.037625  8.371713  1070.767230  264.898682
1339.922676  8.386081  1073.711584  257.825012
1338.091936  8.310244  1072.186583  257.595109
1360.069188  8.677565  1089.618846  261.772777
1372.961546  8.701481  1099.184344  265.075722
1355.618268  8.457177  1085.844413  261.316677
1357.005115  8.436004  1087.152924  261.416187
1337.375423  8.330884  1071.670693  257.373847
1340.282045  8.301321  1074.056891  257.923832
1339.422614  8.304028  1073.559369  257.559217
1337.509143  8.363241  1071.930208  257.215694
1339.229076  8.308241  1073.775590  257.145245
1336.273359  8.337780  1071.142732  256.792847
1344.657192  8.397339  1076.828820  259.431033
1335.572325  8.311238  1070.249635  257.011452
1339.761165  8.355428  1073.608048  257.797690
1339.250882  8.319694  1072.934430  257.996759
1335.704429  8.352105  1070.163480  257.188844
1340.328325  8.299911  1073.924452  258.103963
1337.088525  8.270483  1071.438539  257.379503
1339.898652  8.368847  1073.132506  258.397299
1335.887035  8.274357  1070.273234  257.339443
1341.603268  8.294065  1075.423693  257.885510
1340.941479  8.398380  1074.181390  258.361709
1335.745686  8.316215  1070.808160  256.621311
1339.388306  8.358010  1072.896460  258.133835
1337.198765  8.288599  1072.143954  256.766211
1338.495596  8.338782  1072.641059  257.515755
1340.133147  8.347225  1073.948311  257.837611
1335.478591  8.330964  1069.820998  257.326628
1339.199251  8.302265  1073.651828  257.245158
1335.545321  8.305100  1070.108547  257.131674
1338.425423  8.365508  1072.727023  257.332892
1337.351605  8.363739  1071.691917  257.295949
1348.435275  8.461142  1080.737144  259.236989
ns_per_cell: media = 1332.064021, desviación estándar = 199.986175
react: media = 8.225703, desviación estándar = 1.218507
vel_step: media = 1054.524548, desviación estándar = 156.311083
dens_step: media = 269.313769, desviación estándar = 51.736707

   138.245.980.023      L1-dcache-loads:u                                             (66,67%)
     2.088.312.987      L1-dcache-load-misses:u   #    1,51% of all L1-dcache hits    (83,33%)
    39.605.436.604      L1-icache-loads:u                                             (83,33%)
         1.227.794      L1-icache-load-misses:u   #    0,00% of all L1-icache hits    (66,67%)
   305.993.374.719      instructions:u            #    1,65  insn per cycle           (83,34%)
   184.963.037.926      cycles:u                                                      (50,00%)

      45,569578269 seconds time elapsed

      45,522453000 seconds user
       0,000000000 seconds sys


speed gain: 0,96
